8.5
8.66569
8.82988
8.99257
9.15376
9.31346
9.47166
9.62836
9.78357
9.93728
10.0895
10.2402
10.3894
10.5371
10.6834
10.8281
10.9713
11.1131
11.2533
11.392
11.5293
11.665
11.7992
11.932
12.0632
12.193
12.3213
12.448
12.5733
12.697
12.8193
12.9401
13.0594
13.1771
13.2934
13.4082
13.5215
13.6333
13.7435
13.8523
13.9596
14.0654
14.1697
14.2725
14.3738
14.4736
14.572
14.6688
14.7641
14.8579
14.9502
15.0411
15.1304
15.2182
15.3046
15.3894
15.4727
15.5546
15.6349
15.7138
15.7911
15.867
15.9413
16.0142
16.0855
16.1554
16.2238
16.2906
16.356
16.4199
16.4823
16.5432
16.6025
16.6604
16.7168
16.7717
16.8251
16.877
16.9274
16.9763
17.0237
17.0696
17.114
17.1569
17.1984
17.2383
17.2767
17.3136
17.3491
17.383
17.4154
17.4464
17.4758
17.5037
17.5302
17.5551
17.5786
17.6005
17.621
17.64
17.6574
17.6734
17.6878
17.7008
17.7123
17.7223
17.7307
17.7377
17.7432
17.7472
17.7497
17.7507
17.7502
17.7482
17.7447
17.7397
17.7332
17.7252
17.7157
17.7047
17.6922
17.6783
17.6628
17.6458
17.6273
17.6074
17.5859
17.5629
17.5385
17.5125
17.4851
17.4561
17.4257
17.3937
17.3603
17.3253
17.2889
17.251
17.2115
17.1706
17.1282
17.0842
17.0388
16.9919
16.9435
16.8936
16.8422
16.7892
16.7348
16.6789
16.6215
16.5626
16.5023
16.4404
16.377
16.3121
16.2457
16.1778
16.1084
16.0376
15.9652
15.8913
15.816
15.7391
15.6607
15.5809
15.4995
15.4167
15.3323
15.2465
15.1591
15.0703
14.98
14.8881
14.7948
14.7
14.6036
14.5058
14.4065
14.3057
14.2033
14.0995
13.9942
13.8874
13.7791
13.6693
13.558
13.4452
13.3309
13.2151
13.0978
12.9791
12.8588
12.737
12.6137
12.4889
12.3627
12.2349
12.1056
11.9749
11.8426
11.7089
11.5736
11.4368
11.2986
11.1588
11.0176
10.8749
10.7306
10.5849
10.4377
10.2889
10.1387
9.98698
9.83375
9.67904
9.52282
9.36511
9.2059
9.04519
8.88298
8.71928
8.55408
8.38738
8.21919
8.0495
7.87831
7.70563
7.53144
7.35576
7.17859
6.99991
6.81974
6.63807
6.4549
6.27024
6.08408
5.89642
5.70727
5.51662
5.32447
5.13082
4.93568
4.73903
4.5409
4.34126
4.14013
3.9375
3.73337
3.52775
3.32062
3.11201
2.90189
2.69028
2.47717
2.26256
2.04645
1.82885
1.60975
1.38915
1.16706
0.94347
0.718382
0.491796
0.263713
0.0341333
0
0
0
0
0
0
0
0
0
0
0
0
0
0
0
0
0
0
0
0
0
0
0
0
0
0
0
0
0
0
0
0
0
0
0
0
0
0
0
0
0
0
0
0
0
0
0
0
0
0
0
0
0
0
0
0
0
0
0
0
0
0
0
0
0
0
0
0
0
0
0
0
0
0
0
0
0
0
0
0
0
0
0
0
0
0
0
0
0
0
0
0
0
0
0
0
0
0
0
0
0
0
0
0
0
0
0
0
0
0
0
0
0
0
0
0
0
0
0
0
0
0
0
0
0
0
0
0
0
0
0
0
0
0
0
